.Random.seed <-
c(403L, 10L, -1496036931L, -1494138060L, -1013380966L, -876605723L, 
-1696192385L, 1980293638L, -1474130544L, 467685427L, -1991016495L, 
-1484122752L, 41154654L, 254678953L, -2123542949L, -504917398L, 
1358700300L, -1438361265L, -1430019579L, 1825059004L, 365148562L, 
-1339657587L, 790003911L, -511650386L, 1974296584L, -110767093L, 
-190680855L, 1014476728L, -249935770L, -1902102271L, 1613500307L, 
-1610989502L, 717457396L, 1271026167L, -1016867347L, -1305864572L, 
-820434774L, 1178498581L, -1984886097L, 2119622838L, -1538539808L, 
-1348771293L, -1235727039L, 1051611184L, -494212530L, -806678855L, 
1030765259L, -432071814L, 52324988L, 1293663935L, 1268918165L, 
-1120288852L, -182518398L, -156908707L, -605925801L, -1615852226L, 
731135352L, -1807995301L, -1222178375L, -1456735224L, 1774159542L, 
216159729L, 1500720163L, 1741481074L, -1698908476L, 672190599L, 
1844442205L, -859129260L, 1323036794L, 1686492101L, 1468876063L, 
-2133965658L, 168384048L, -363524909L, -116579599L, -1121553888L, 
1979561150L, 1664843977L, 1805386363L, 1829783626L, -1057326932L, 
891969455L, 1181125477L, -1807081188L, 2130905458L, 1112611309L, 
1251388967L, -1119060402L, -559652184L, -605413205L, 1276209609L, 
-348903976L, 842175622L, 1194080609L, -1027367693L, 1517708130L, 
-451613228L, -2073941801L, 1397111501L, 1376406116L, 2136571978L, 
1209099701L, 1663027471L, -1315146218L, 317575360L, 1264535171L, 
420864673L, 552002704L, -532353170L, -1527748327L, 2071046571L, 
502949786L, -1529612452L, 1644963423L, -1077430731L, 336393676L, 
-1357949662L, -376062083L, 305943671L, -698308194L, -672530344L, 
759668155L, 1921684313L, 922624232L, 427041046L, 765166225L, 
-1876807869L, 143510098L, -2138391324L, -431249625L, 1903477629L, 
-1387727244L, -792680358L, -930017115L, -1726393665L, -877295290L, 
-108666928L, 243702259L, -699468527L, -696733376L, -1823727330L, 
-1709976087L, -1955719397L, 1936892202L, 1232403020L, 1382245903L, 
288835909L, 1544082172L, 387991890L, -2071044403L, -1245858169L, 
868213102L, -911377592L, -2095497397L, 748127913L, -1722147848L, 
1707336486L, -1991801791L, 1275168211L, 814524290L, 505834420L, 
-593042633L, -420224467L, 168411972L, 1009018986L, -1986669867L, 
-2127451025L, 401728886L, 433753760L, 1795591011L, -616751103L, 
1536224112L, 1815200526L, -375128711L, 1750931723L, 572181050L, 
-1109991108L, -769003905L, 400700885L, 1415392236L, -659796670L, 
1550529181L, 1803673367L, -2008924546L, 1077362232L, -1096726245L, 
746663545L, -1037276472L, -809198858L, -1089268943L, 54838115L, 
1958779186L, 621456004L, -1160755513L, 483560861L, 621758740L, 
-1065785414L, 762925573L, 494273503L, -688997786L, -760269328L, 
-965774573L, -79258447L, -446619808L, 213040382L, -1833395063L, 
-17654853L, 306247050L, 1744082028L, 1134341615L, -313154011L, 
2120278748L, -831932238L, -1239155795L, 1597488999L, -244814706L, 
427485544L, -1277372053L, -1842103543L, 2132790680L, -712483642L, 
986793505L, -213522765L, -65287134L, -1073949164L, 1947945623L, 
2026611853L, 983607716L, 1302795146L, -1051113766L, 450716560L, 
-1451200260L, 723528084L, -1673135294L, -1725492736L, -1263406020L, 
-1709520304L, -108579678L, 332064584L, 842819084L, -1891936548L, 
-762847150L, 857993344L, 991597396L, 1515860968L, -2145504518L, 
-1861644464L, 1815736364L, 1170698612L, 662006418L, 1303745120L, 
1251040396L, 1321094496L, -1790353182L, -1939310424L, -825662772L, 
1749370364L, 1891678130L, 234418160L, 1357036996L, -469046952L, 
-1547227782L, 1450384816L, -202319428L, -2036536748L, -677818942L, 
-569316576L, -90993732L, 1437054032L, -1233045534L, -744318104L, 
-1074878644L, 2027911932L, 1548743410L, 1514180864L, 168277108L, 
-1407829496L, 1604247994L, 1960516048L, -1339878420L, 697104276L, 
-79682350L, 222670944L, 1799412044L, 1399979808L, -1844575614L, 
311013864L, 112657388L, -2011644356L, 2109108850L, -387713168L, 
-28229340L, -1860321736L, 1655803290L, 23041488L, 745550268L, 
-2085987692L, 728667778L, 1040882112L, 670474044L, 1866999440L, 
-909221086L, 480816648L, 1910040332L, -253411428L, 1881339922L, 
-787078272L, -1981710572L, -1646040792L, 1950685242L, 85280720L, 
1162601068L, -1876204492L, 1187556498L, 1415877984L, -1809710772L, 
645267936L, 736163746L, 1842274216L, 1605545100L, -1263801412L, 
-1139965838L, -1669418000L, -580231100L, 628962392L, 1480828986L, 
-1511604112L, 567503420L, -58561772L, 268287682L, 1101569760L, 
1058792572L, -1849282352L, 1346913186L, -607895000L, -176530164L, 
425528252L, 763751730L, -916626240L, -242876876L, -2034022712L, 
-1860546886L, -924186480L, -2008519956L, 1652851284L, 1251927698L, 
2133588768L, -321471540L, -185363232L, 1419401922L, -255868888L, 
1334993836L, -32255300L, -2052006414L, -30069200L, -105625692L, 
2050123192L, 1636992858L, 172083344L, -1720466564L, 1574574868L, 
-416718526L, 1636254464L, -2128435268L, -2144681136L, -1355125470L, 
154891848L, -1005565940L, 208889948L, -419057198L, -1710239232L, 
71440724L, -1962949400L, 192986362L, -1215750448L, 1732551980L, 
282536180L, -306066030L, -1011551904L, -296841204L, 900224736L, 
1841629794L, 1298048680L, 2032485964L, 281928572L, 1771988274L, 
-908618128L, 2143103812L, 153183192L, -1564512390L, -221189584L, 
796208060L, 1288065620L, -2014796734L, -2019852128L, 69540540L, 
-1505411632L, -1897330846L, -1428239640L, 1260106956L, 208899580L, 
1407990258L, -680561024L, -1140886028L, 1803752072L, 1008713530L, 
-397344944L, -681460628L, -1959463532L, 259425362L, 363928032L, 
1532021964L, 1261308064L, 1828964738L, 414341352L, -924189972L, 
189457724L, 1925457010L, -1160917904L, 1156969508L, 1815351352L, 
1918296858L, -734550832L, -1058467012L, -1972371564L, 1067382658L, 
850881984L, -1320832452L, 753392016L, -1576087006L, 1159646472L, 
1004954252L, 1996736284L, -727570286L, -1515599488L, 1819183636L, 
-419798232L, -743498182L, -2057940528L, -607652500L, 726526900L, 
1109978130L, 346495456L, 1338915788L, 1526163680L, -966893534L, 
-313275096L, -1494340084L, -328082628L, -225975310L, 586219248L, 
-1624538556L, -1122668968L, 101860154L, -279854608L, 1631317692L, 
932803643L, 1857461021L, 506130890L, 1836350184L, 671968721L, 
-1111875645L, 880847044L, -895658126L, 473565767L, 1880930833L, 
-1718905962L, -774908172L, 1073477765L, 1725468111L, -14845752L, 
1919431014L, 1705886611L, -150344459L, -499815214L, 359791392L, 
-1879387383L, 1080751163L, -907314804L, 461606938L, 1208114319L, 
-393788455L, 1657373806L, 315254780L, -1567605395L, 123737879L, 
-1277163808L, -1398262594L, 2002371211L, 891095309L, 1611226426L, 
-1313596040L, 2031540001L, -527527981L, 930158324L, 80283522L, 
655371799L, -1972599583L, 668213798L, 259769124L, -1552446507L, 
51071871L, -1520800232L, -275565258L, -469300285L, 1585287685L, 
1097296290L, 1607855504L, 1207475513L, 719731179L, -415999268L, 
1697537802L, 249156095L, 1025325129L, -248524322L, -913671796L, 
-1696393891L, -437365401L, 1617233552L, -892098386L, -361068197L, 
1554308413L, -1197281366L, -1644287928L, -1271463823L, 705875427L, 
-652605212L, 33424402L, 450555879L, 527128497L, -1719268874L, 
-202116076L, -2076923099L, -970855377L, 738590184L, -1540351290L, 
-1838595213L, 419990485L, -1887505486L, -1163664000L, -530965143L, 
367186395L, 60242220L, 1342290746L, -1612712465L, 301150329L, 
-1808942322L, -1964658980L, 110517581L, -1141026633L, 1040992832L, 
1714918174L, -1782081045L, -33991315L, -131974182L, -1522487912L, 
-1653664767L, 914245043L, -577729324L, -1563436574L, -1044794249L, 
-2071483967L, 70603590L, 1038859908L, -1774737355L, -1923729377L, 
1159921528L, -1249216938L, 832768739L, -1181209435L, 1496479042L, 
615793456L, -472471719L, 1584950475L, 860659004L, -1077823126L, 
-56978529L, -607605207L, -610209602L, -1858188884L, 1875678973L, 
-1619881401L, 667287856L, 142010958L, -1263078789L, 27734493L, 
2073098250L, 545646888L, 1233115025L, 52607363L, 2131711620L, 
-12794702L, 484316167L, 652378193L, 1144696790L, 2038636212L, 
546176709L, -1608691697L, -298762104L, -1527938650L, -973309613L, 
